100 5000 5000
1 10 2112
1 23 2227
0 96 80 3522
0 44 96 3076
1 14 573
0 59 16 2365
1 77 3280
1 39 4537
1 11 675
0 60 76 2049
1 93 1346
0 7 45 3130
1 18 2308
0 61 6 135
0 87 94 649
0 75 19 221
1 95 4262
0 31 4 4034
1 51 4397
1 75 386
1 17 4105
0 19 88 4829
0 89 68 3520
0 51 56 3238
1 72 3114
0 25 55 2887
1 56 135
1 91 4600
0 28 47 2979
1 44 4309
1 87 4784
1 91 3368
0 60 76 3206
1 57 3266
0 7 35 4984
1 59 301
0 84 68 101
1 85 4471
1 78 1501
0 63 28 4816
1 41 2462
1 2 4941
1 99 1510
1 75 4803
1 57 4711
1 51 791
0 34 46 3422
1 77 2893
1 80 512
1 57 3979
0 1 86 2169
1 79 4979
1 58 2714
1 14 901
1 63 2470
1 17 2784
1 21 593
0 99 97 1161
0 82 25 3287
1 91 4429
1 1 1083
0 95 10 2355
0 60 5 2694
0 98 59 1597
1 65 4692
0 52 80 3929
0 40 46 4198
0 16 62 4421
1 15 1404
1 77 531
0 22 95 2246
1 78 4644
1 80 540
1 65 219
0 84 94 1056
1 98 605
1 38 359
0 76 70 892
1 58 2879
0 41 82 29
0 71 6 3001
0 14 23 2355
1 20 4242
0 41 66 4599
1 70 3073
0 29 63 4589
0 22 69 99
0 18 81 3865
1 70 3565
1 89 4679
1 6 1357
0 33 48 2378
0 69 94 4026
1 92 1576
0 26 17 4040
1 9 2325
0 35 67 2263
0 71 65 1249
1 24 2985
1 76 1630
1 17 533
0 62 7 2068
1 54 141
0 8 36 310
0 12 21 223
1 44 409
0 36 76 1531
0 2 63 2857
1 17 4499
0 31 39 2670
1 47 4344
1 90 455
0 27 16 3690
1 19 838
0 57 26 2300
1 25 3406
1 78 1031
1 91 1562
1 99 151
1 52 3281
1 72 1781
1 92 2804
0 87 7 3854
1 74 370
0 15 53 2476
0 34 2 4193
1 35 2372
0 58 25 4192
1 25 3103
0 69 44 3722
1 43 4486
1 7 3558
1 96 2747
0 56 20 1286
1 88 4115
1 32 2892
1 87 2261
1 80 2698
1 84 1851
0 79 7 3545
1 86 4604
0 66 91 1079
1 87 3903
1 80 4028
1 1 4423
0 92 53 2488
0 94 1 2541
1 24 3061
1 13 3813
0 82 31 2207
0 72 24 3472
1 100 2937
1 97 4343
0 99 25 3822
1 53 1802
1 97 2475
1 39 3412
0 24 72 4583
1 96 594
1 75 3721
0 16 36 1589
1 70 1940
0 88 41 88
1 30 4852
1 93 1859
0 64 1 3013
1 22 4863
0 99 43 4402
0 5 32 1926
1 16 2917
0 4 82 2400
0 1 85 264
0 16 99 196
1 13 3756
0 57 14 3935
0 89 95 4705
1 50 314
1 62 754
0 68 46 1910
0 38 21 4672
0 41 28 3511
1 2 4343
0 79 16 794
1 56 2381
1 24 640
1 42 2598
0 47 22 4776
0 62 50 2171
0 85 93 4466
0 60 51 2621
1 16 3501
0 23 46 536
0 88 38 4121
0 3 23 259
0 18 53 1644
0 11 38 3678
1 97 3147
1 65 1506
0 82 11 205
0 93 38 886
0 53 44 704
1 15 18
0 53 1 3943
1 29 4166
0 21 95 4810
1 5 3108
0 68 73 4495
1 52 1076
1 60 1615
0 31 40 4218
0 42 91 4256
1 49 2238
1 22 201
1 83 3014
1 53 533
1 1 3560
1 85 2430
1 89 4300
0 92 30 1324
0 83 91 530
1 12 1828
1 100 403
0 28 83 433
0 82 97 3883
1 20 2672
1 98 2400
1 18 2546
0 48 71 3378
1 31 1459
0 95 50 1663
1 29 3542
1 87 4271
0 20 79 2499
1 26 3215
0 49 12 2487
0 52 50 3114
0 3 65 4161
1 83 4085
1 5 4846
1 50 2701
1 56 2851
1 50 3798
1 56 2353
1 21 2607
1 1 286
1 63 4743
0 3 83 2288
0 30 88 3040
1 37 1050
1 51 344
0 82 74 3720
0 61 64 2944
0 28 76 4909
0 73 44 3799
0 64 36 776
1 15 1507
1 81 1365
0 82 18 2479
0 71 30 439
0 55 50 2153
1 8 1595
1 38 1210
1 91 3392
0 17 58 925
1 67 175
0 25 16 924
1 16 3638
0 44 95 123
0 85 65 4107
1 64 1291
1 92 182
1 22 1955
0 54 78 777
0 67 75 4508
1 39 4151
1 11 4650
0 70 6 3572
0 5 96 2397
1 79 9
0 81 10 391
1 23 3122
0 56 98 2323
0 27 52 1673
1 9 2441
0 36 46 799
0 47 60 2993
0 29 22 3963
1 68 2110
1 33 3907
0 96 76 2054
0 37 61 3103
1 44 2481
0 94 24 2699
1 38 3191
1 36 2682
1 52 2221
1 46 1341
0 9 84 3265
1 60 1682
1 31 2355
0 41 84 4102
0 37 84 1010
0 51 13 4969
0 41 44 2715
1 29 558
0 29 90 4126
1 31 4445
0 76 79 1219
0 74 84 4419
1 91 1927
1 23 4407
1 39 422
0 40 76 3685
0 7 14 1296
1 86 3063
0 76 92 2055
1 31 4180
1 100 2444
0 37 13 1698
1 65 3349
1 38 2693
0 30 88 3276
1 23 1452
0 61 2 1375
1 13 111
0 95 67 69
0 88 39 2505
1 84 2020
0 94 46 1617
0 75 51 2759
0 57 39 3971
0 92 66 4716
1 59 2678
1 84 4560
0 99 51 4090
1 74 3562
0 52 41 3208
0 65 99 488
0 47 59 321
1 83 3840
1 6 4669
1 13 1878
1 84 888
1 18 3926
0 11 93 2442
1 43 1694
0 69 70 3114
1 5 1199
1 43 1028
1 19 671
1 16 2273
0 39 99 2016
0 84 42 4527
0 23 50 529
1 89 4565
0 45 49 914
1 78 4719
0 18 59 4229
0 39 29 2837
0 62 63 3322
0 7 99 237
1 37 79
1 51 493
0 9 19 4353
1 59 2994
1 55 915
1 39 4904
1 5 2314
1 13 4135
0 73 100 4730
0 30 83 2978
1 77 1897
0 82 39 890
1 77 4473
0 97 13 4452
1 100 1455
0 78 95 401
0 57 29 4082
0 64 94 4890
1 9 3050
0 30 47 2836
1 49 1458
0 66 28 3152
0 29 84 1521
0 53 38 226
1 42 4197
0 74 31 1253
1 33 1582
1 70 1638
1 50 1033
1 55 851
0 33 74 851
0 2 55 4687
1 67 4587
0 6 41 3628
1 68 4535
1 74 590
1 84 486
1 66 2105
0 91 47 4773
0 85 15 1316
0 29 20 2391
0 19 57 4127
0 46 16 2556
0 49 19 3069
1 61 4222
0 35 78 2512
0 37 66 1393
0 65 10 3684
0 19 12 3690
1 10 1414
1 71 3556
0 13 72 3691
0 39 5 1538
1 11 2128
1 53 4428
1 72 149
1 68 2049
1 98 3158
1 61 3937
0 56 93 4808
0 62 78 1139
0 24 32 1904
0 71 10 3830
0 83 1 1341
1 56 1594
0 20 56 3414
1 89 4851
0 77 55 3567
1 41 2007
1 16 1631
0 31 19 4892
1 77 3404
1 59 4686
1 30 4021
0 64 88 3174
1 3 902
0 46 71 2464
0 66 95 3382
1 61 1720
1 15 4634
1 71 927
0 25 40 1851
1 82 2761
1 24 2676
1 91 203
1 22 4033
0 85 2 4549
0 99 42 1451
0 61 2 3825
0 22 50 1643
0 70 25 3946
1 15 1523
0 93 38 3100
1 64 871
1 73 2980
0 16 60 2321
0 47 56 3146
0 6 2 1920
0 82 27 660
0 13 10 4437
1 75 1269
0 15 49 2127
0 6 19 1482
1 64 1386
1 51 1963
0 28 99 1928
0 90 100 1451
1 89 1049
1 88 5
1 9 4156
0 74 44 4530
1 48 2328
1 72 587
1 70 3188
0 44 69 2939
0 66 4 1806
1 39 4068
1 64 1253
1 64 471
0 39 3 1428
0 46 43 252
1 64 2044
0 26 49 4039
0 60 43 4884
0 27 47 1846
0 60 19 1385
1 34 3163
1 72 3651
0 91 86 2788
0 81 20 1705
1 87 1712
1 45 3897
0 42 44 3684
1 47 642
1 52 3836
1 56 4307
1 74 4975
0 26 40 2832
0 31 60 1921
1 97 1975
0 68 25 350
1 81 3693
0 86 74 954
0 86 40 3986
1 5 703
0 63 93 2473
1 25 2884
1 2 3777
0 10 77 4368
1 56 2091
0 62 74 1103
1 98 3050
0 27 17 1363
1 82 1827
0 28 33 3407
1 52 2045
1 45 2044
1 51 106
1 34 4978
0 10 78 4106
1 23 81
0 45 49 2904
0 45 5 3310
1 82 4155
0 35 64 4054
1 86 4959
0 68 95 2883
1 64 275
0 10 21 887
0 98 51 1278
0 97 52 2466
1 53 4337
1 29 321
1 79 3521
0 15 99 3951
1 11 362
0 7 32 2150
1 41 763
0 15 28 646
1 37 3846
1 65 2843
0 93 84 3639
1 28 602
1 20 2501
1 8 3510
1 80 4219
1 62 3542
1 1 482
1 93 2443
0 23 80 3676
0 32 20 3438
0 23 28 3909
0 13 47 1701
1 8 3081
0 63 72 1438
1 62 4693
0 10 23 1082
1 19 221
1 98 4714
0 69 10 2847
0 7 52 1384
0 29 25 2272
1 75 3228
1 86 4405
1 14 1269
0 45 15 654
0 54 29 2791
0 58 77 2946
1 47 1217
1 9 2191
1 30 4694
1 89 2173
0 45 25 514
0 96 5 4845
0 19 34 4881
0 93 49 1402
0 68 40 3529
1 6 1089
1 18 4010
0 6 77 1371
1 94 981
0 37 31 2904
0 45 70 2319
1 39 181
0 28 11 4240
1 88 3670
1 32 2247
0 15 77 1887
1 46 3531
1 80 1900
1 94 2184
1 42 1618
0 63 70 4909
1 8 1052
1 91 1828
1 94 235
1 24 4125
1 21 4691
1 14 3594
1 58 3402
0 30 31 3758
0 58 100 3023
0 74 53 2080
1 94 4164
1 1 2361
1 89 3465
1 29 16
1 27 1231
0 81 71 4505
0 82 55 2252
0 5 22 4146
0 75 31 3403
1 36 536
1 21 1834
0 57 69 3731
1 68 3272
0 13 33 1272
1 16 2789
0 49 82 972
1 41 3854
1 57 1218
1 67 2725
1 85 4428
0 48 42 2886
1 94 1264
0 49 29 619
1 73 1950
1 74 1050
1 27 2618
1 81 2383
1 67 1272
1 79 2722
1 68 3857
0 83 29 623
1 86 4209
1 79 3167
0 19 37 3557
1 85 2929
1 43 377
0 74 49 3723
0 69 35 744
1 9 1164
0 45 5 1532
1 5 522
0 4 59 1167
0 32 38 2406
1 87 4029
0 39 86 1766
0 10 41 4627
1 33 4022
0 60 56 1789
0 19 95 546
1 25 3978
0 14 76 1060
0 74 69 1724
1 82 2127
1 81 1553
0 77 98 2280
0 38 42 656
0 33 28 2616
1 4 724
1 10 4838
1 73 4288
0 26 51 2668
0 39 2 1140
0 89 5 1677
1 38 4101
0 25 48 1985
0 26 27 2885
0 66 91 2778
1 88 2591
0 72 34 4908
1 59 1829
0 62 59 3210
0 56 51 4530
1 66 969
1 71 830
0 99 49 2682
0 80 7 4773
1 6 3014
0 96 11 4227
1 15 34
0 14 72 3984
1 9 3819
0 17 86 993
1 37 45
1 48 4368
1 40 3206
1 14 1975
0 87 98 3419
1 35 787
0 92 71 2904
0 45 89 2965
1 20 3702
0 70 45 4929
1 6 847
0 58 21 1164
1 99 508
0 80 37 288
0 68 62 3836
1 65 296
0 96 67 2374
1 44 1287
1 79 4019
1 80 1991
1 23 3463
0 100 24 1343
0 19 90 3919
0 79 47 2698
1 85 4757
1 19 3661
0 86 53 1000
1 94 3314
0 45 60 2235
1 20 1935
1 79 925
0 54 68 2994
1 48 3275
0 47 98 2897
0 75 59 4430
1 39 2007
1 93 1617
1 41 4884
0 1 53 1241
1 62 3609
0 60 37 3266
0 28 19 3077
1 100 2193
1 42 4455
0 60 75 1338
1 57 4927
1 71 2166
0 46 87 1617
0 53 81 3195
1 56 1688
0 49 21 2186
0 54 4 4694
0 15 1 2841
1 57 2310
0 38 8 155
0 97 15 1636
1 61 2422
0 84 78 1051
1 88 2259
0 53 66 4662
0 53 26 3219
0 66 16 3321
1 4 357
1 66 4446
1 49 2317
0 67 66 2797
1 43 586
1 45 1173
1 6 2150
1 83 3505
0 31 68 3300
0 63 4 3761
1 63 92
0 60 32 3288
0 39 14 860
1 96 3461
0 3 2 130
1 95 1240
1 91 3249
1 62 3222
1 17 4891
1 75 1446
0 8 62 8
0 13 75 4187
0 18 34 4992
0 48 2 2975
0 13 40 2779
0 91 37 686
0 91 47 2278
1 2 879
0 45 88 4513
1 52 2469
0 44 20 130
0 28 83 2074
1 19 270
0 39 90 1600
0 75 12 1176
0 89 63 2323
0 14 97 83
0 55 2 3195
1 67 4367
0 67 68 2777
0 10 100 3323
1 72 3206
0 41 56 4537
0 60 97 925
0 29 95 2687
1 66 14
0 100 87 895
1 55 4767
1 5 4624
0 31 6 4002
1 20 4482
0 74 34 4483
1 32 96
1 32 3843
1 28 1518
1 84 1023
1 68 4194
0 40 4 3666
1 42 4501
0 11 19 3839
0 60 20 1647
0 15 54 4724
0 49 95 1601
1 41 695
0 95 77 1731
0 3 93 4173
0 25 85 1347
1 86 325
0 13 54 2575
0 97 77 584
0 4 65 311
1 48 98
0 58 85 1457
0 78 20 4999
0 14 18 2821
1 75 746
0 79 24 538
1 17 2529
1 3 4891
1 49 3982
0 70 86 1646
0 85 99 1755
1 59 1830
0 38 58 3816
1 3 2019
1 7 36
0 49 68 1303
0 51 26 2442
0 51 60 2595
1 74 3243
0 52 17 3471
1 86 3024
0 6 20 1040
1 56 3015
0 84 16 2655
0 90 54 3022
1 17 1027
1 48 3645
0 83 68 32
0 63 79 4886
1 72 574
0 56 54 2150
0 20 60 4253
1 63 2333
0 59 33 507
1 98 3877
1 61 2682
0 8 33 2088
0 60 93 3550
1 16 2389
1 83 166
1 93 2873
1 79 4833
0 96 14 4480
0 39 57 2062
1 88 1
0 61 8 802
1 35 3869
1 34 3163
0 42 66 2390
1 86 4487
0 95 60 1894
1 98 89
0 2 15 1778
0 76 19 830
1 21 787
1 12 2352
0 12 59 165
0 19 66 486
1 85 555
0 94 70 3780
1 42 3226
0 81 7 1781
1 6 925
1 48 4744
0 39 26 1465
0 58 19 111
0 48 70 2798
1 1 3021
0 98 93 2655
0 4 34 1548
1 83 817
0 18 86 499
1 62 4139
0 96 98 3234
1 78 4057
1 15 2707
1 29 4310
1 24 81
1 87 1472
0 75 24 1959
1 33 392
1 11 1254
0 40 51 3433
0 32 37 2985
0 42 98 840
1 44 484
0 67 87 606
0 58 75 1576
1 33 1732
0 61 59 2142
1 53 473
1 42 920
1 46 3768
1 100 3977
1 34 2111
1 68 3768
0 99 2 4798
1 29 828
0 40 4 570
1 87 3285
0 47 99 1320
1 56 848
0 7 84 3271
1 45 2859
0 10 22 3068
1 89 3942
1 97 4701
0 97 93 1654
0 90 29 1975
1 71 4893
1 73 2526
1 100 4227
0 72 8 1917
1 78 2420
0 53 66 175
1 47 661
1 67 3714
0 57 14 139
0 94 92 4506
0 82 79 1752
1 59 314
1 22 527
0 64 89 1890
1 15 1154
1 85 2632
1 28 154
1 21 4885
0 63 3 2624
0 92 13 3608
1 63 4173
1 74 3955
1 25 1812
0 97 98 2191
1 84 3126
0 29 90 2078
1 46 2759
1 84 4902
1 79 7
0 61 97 557
0 27 32 4777
0 35 6 4796
0 89 92 979
1 37 2781
1 64 323
0 93 3 943
0 83 86 4580
0 63 14 2072
0 70 25 1466
1 78 1654
0 87 7 101
0 56 85 3521
1 2 2444
1 77 4276
0 9 65 1770
0 6 55 3986
0 61 87 11
1 84 2276
0 62 8 3528
0 74 84 1649
1 22 199
1 9 3233
0 33 98 404
1 16 4026
1 17 1752
1 35 1860
0 92 95 4676
1 15 2017
0 83 46 4279
1 39 2054
1 82 2867
0 83 16 1902
0 38 20 4339
0 61 53 1028
1 57 4925
1 69 3951
0 65 17 2018
0 73 26 4747
0 53 3 3448
1 99 157
1 66 1936
1 87 710
0 18 63 532
0 84 42 1459
1 69 4642
0 97 32 566
0 56 61 405
1 82 2228
0 18 85 2768
0 35 31 1358
1 55 3541
1 1 3562
0 7 31 543
0 67 90 1714
1 63 840
0 43 91 1628
0 2 50 461
0 72 88 16
1 12 2059
1 29 25
1 98 1858
0 49 81 2609
0 20 31 4519
0 60 96 128
0 9 19 3075
1 7 2105
1 20 4393
0 4 32 2243
1 42 1775
1 43 3504
0 34 35 2706
0 42 60 1097
1 3 2020
0 24 40 2364
0 100 94 4443
1 36 1200
1 44 2058
0 38 16 3223
1 54 4482
0 25 31 4019
0 17 95 3470
1 31 4493
1 89 4317
1 10 444
0 13 75 2427
0 41 90 1181
0 82 56 3216
0 79 16 2520
0 91 3 3789
1 41 4797
0 92 17 627
0 29 43 4792
1 61 1130
0 37 79 2354
1 47 2865
1 32 1182
0 95 81 1478
0 89 84 3294
0 90 4 3458
1 56 4810
1 28 4867
0 53 74 13
0 50 72 646
0 89 41 2332
0 8 86 1666
0 79 5 2060
1 58 4923
0 44 42 1180
0 74 4 4022
1 25 4487
1 41 3533
0 65 55 3125
1 21 292
1 76 2556
0 99 27 2684
1 96 1295
1 2 2000
1 71 4336
1 24 3188
0 50 17 3773
0 3 11 4810
1 95 2128
1 84 639
0 70 92 1537
0 56 42 2457
1 90 1726
0 30 90 400
0 78 36 2507
0 59 69 2696
0 5 34 3349
0 45 58 4260
0 75 46 3921
1 13 1278
1 44 2653
1 81 3409
0 85 66 3336
0 60 9 822
1 63 2732
1 47 2861
1 87 1152
1 19 4422
0 21 30 1220
1 75 4904
1 97 2666
0 97 9 742
1 70 3691
1 88 2339
0 98 54 689
0 85 38 1489
1 10 2781
1 63 3691
0 79 55 3750
0 18 74 4186
0 89 6 2344
0 45 58 1179
1 5 2899
0 55 22 205
0 5 35 3024
0 74 49 1457
0 62 1 2482
1 61 1861
1 66 4583
0 80 7 1015
1 31 4033
1 64 1360
1 23 1016
1 15 2347
1 100 75
1 55 3230
1 66 4978
1 31 2435
1 75 3904
0 58 87 2452
1 8 208
1 47 4715
0 12 88 4907
0 46 22 4610
1 90 2606
1 53 59
1 44 1736
1 38 4312
1 24 764
0 73 26 749
0 77 9 2868
0 44 34 2014
1 32 2144
1 69 248
0 23 6 3309
1 67 1198
1 3 3138
1 15 4544
0 49 3 2188
0 51 89 4497
0 96 84 4052
0 95 67 3438
1 7 1676
1 53 4838
1 96 2422
1 18 1184
1 93 4940
1 82 4252
0 93 79 3401
1 56 3970
0 74 27 3028
0 60 99 4261
1 91 335
0 8 60 1701
1 63 3500
1 14 1947
0 21 18 709
0 59 38 4175
1 55 3229
0 94 2 4753
0 55 27 3957
0 89 57 277
1 53 1025
1 94 1057
0 19 92 3289
0 3 70 4796
0 61 80 1205
1 28 2561
1 71 2982
1 91 4384
1 44 1123
0 37 32 238
1 8 1807
1 19 1302
0 84 73 3151
1 85 3083
0 76 17 4585
0 75 39 1342
1 18 2320
1 6 4613
1 55 574
0 82 98 3250
0 23 93 1119
1 26 4414
0 11 53 4089
1 84 618
1 12 1473
1 18 510
0 45 25 3885
0 32 68 4444
0 62 100 926
1 30 219
1 26 2339
0 32 92 1487
1 11 3537
0 43 16 626
1 97 679
0 82 28 3661
0 36 2 5000
1 12 4848
0 17 94 3455
1 94 3115
0 47 53 4699
1 96 1892
0 9 68 3383
1 5 4451
1 35 25
0 84 59 803
1 86 2562
0 99 32 1795
1 53 40
1 88 4084
1 76 4038
1 9 3462
0 79 72 3152
1 35 4263
1 84 1745
1 56 3562
1 99 1019
0 48 34 3695
0 55 7 948
1 84 4616
1 20 603
1 20 1338
0 7 22 4011
1 35 611
1 38 3752
0 69 59 769
1 54 823
1 49 4086
1 81 3072
0 56 82 4021
0 57 15 3666
1 30 1402
0 79 35 1104
1 69 2337
0 49 48 4998
1 83 4724
0 55 62 2833
0 86 9 2358
0 6 93 4869
1 68 1550
0 12 47 4627
0 69 2 230
0 63 13 1713
1 4 798
0 74 86 456
1 8 4017
0 87 51 1240
1 35 2226
1 39 2582
1 1 2373
1 41 463
1 38 163
1 54 1562
1 85 1451
1 30 926
1 83 2022
0 12 18 1858
1 30 3237
1 59 4357
1 45 4526
0 28 14 2866
0 11 37 4990
1 41 10
1 63 2410
1 53 3179
1 54 2130
1 67 1387
1 21 3173
1 5 788
0 78 92 4977
1 58 1882
1 13 1485
0 89 47 1650
1 70 2999
0 99 58 3289
1 77 2902
1 88 1374
1 34 4666
0 23 76 3635
1 85 437
1 82 3287
0 97 57 567
0 81 31 3353
1 4 643
1 26 3856
0 31 12 608
0 15 44 3523
0 58 8 4590
0 46 98 1365
1 97 762
1 9 4101
0 13 83 653
1 25 3744
0 76 66 4392
1 64 4750
1 49 317
0 81 78 4106
0 31 27 1894
0 60 25 3467
0 33 94 3707
0 46 11 1287
0 38 65 3677
0 1 45 3216
1 91 1707
0 42 92 2838
1 17 1116
1 5 2504
0 44 19 669
0 57 17 2854
1 30 3558
0 21 70 4310
1 100 3503
1 77 4492
0 83 68 2065
1 64 4663
1 64 4306
1 4 4702
0 29 15 4976
0 2 64 2994
0 69 96 3312
1 9 580
1 99 275
0 50 32 4223
1 3 791
1 89 4419
1 67 4199
1 85 1651
1 41 4964
1 69 3344
1 81 3277
0 31 90 4015
1 74 665
0 11 52 2608
0 14 73 2797
0 57 4 4590
0 39 37 4003
0 9 59 3859
1 81 4802
1 45 2330
1 33 3460
0 38 6 1785
0 74 37 3162
1 49 1342
1 1 1242
0 77 47 1112
1 57 982
0 67 18 2588
0 8 59 69
1 85 2361
0 7 26 2787
1 19 460
1 55 3019
1 41 560
0 61 88 3132
0 38 53 1330
1 57 3205
1 94 2213
1 98 4809
0 64 55 896
0 22 2 2653
1 32 124
0 86 16 4117
1 69 3005
1 22 872
0 19 4 2429
1 78 3522
0 16 18 500
0 79 23 1185
0 81 45 1585
1 90 3834
1 47 3745
0 7 32 2133
0 42 16 71
0 26 5 2679
1 42 4697
1 47 3125
1 99 1442
1 11 463
0 84 54 4493
1 65 3987
0 90 18 928
1 49 2994
0 9 79 2768
1 90 4939
0 54 12 3427
0 12 75 2016
0 49 47 1551
1 45 1315
0 4 50 4493
0 80 51 3496
1 94 3059
0 81 6 1317
0 98 11 2771
1 92 2172
1 33 3002
1 13 4524
1 41 1703
1 85 4147
0 25 32 3850
1 20 2684
0 31 94 2591
0 16 84 3366
0 42 64 1844
1 65 873
1 6 4436
1 34 2219
0 84 85 2216
0 52 55 4956
1 57 2656
0 96 70 3858
0 89 30 3087
1 96 1617
1 70 1018
1 17 2878
1 81 3985
0 74 67 13
1 4 1395
0 92 54 4188
0 94 21 346
1 85 434
0 34 2 973
0 46 88 2578
1 27 3709
0 49 29 2251
1 45 2903
1 9 4359
0 89 76 3768
0 40 66 4882
1 87 64
0 31 34 1063
0 69 88 3599
1 35 1122
0 42 6 666
1 47 3925
0 91 37 2748
0 95 92 2842
1 48 3062
0 12 66 3415
1 50 4640
0 60 11 3034
1 7 1249
1 60 2744
1 95 4234
0 77 68 4834
0 31 39 3975
1 10 4935
0 45 28 1996
1 58 842
0 81 2 4558
0 88 70 3914
0 72 28 1436
1 62 17
0 86 37 870
1 60 4460
1 71 1847
1 51 3159
0 24 17 4689
0 4 100 1638
1 13 3904
0 3 23 3133
1 23 1192
0 19 51 2921
0 50 72 939
1 12 3767
1 80 847
1 26 2500
1 6 3577
1 50 4068
0 35 73 2337
1 88 4636
0 40 65 1794
1 31 3702
0 46 55 2726
1 68 3353
1 39 2348
1 42 4788
1 33 1880
0 88 71 3277
0 17 24 3712
1 7 1759
0 31 17 3232
1 72 3216
1 28 2929
0 69 9 1529
1 15 4111
1 22 4083
0 54 59 1987
1 30 4908
1 82 4622
1 7 10
1 67 687
0 52 21 836
0 66 35 3014
1 66 3253
1 65 1796
1 86 974
1 11 617
1 6 3221
1 44 317
0 17 26 4727
0 30 19 1747
1 94 4092
0 16 45 3732
0 2 24 2535
1 96 2786
0 86 33 4007
1 27 2806
0 91 43 2484
1 83 1127
1 53 3926
1 5 745
1 2 529
1 61 3552
0 53 90 1698
0 25 12 35
1 46 4653
0 47 36 3188
0 68 4 4549
1 51 1581
0 51 87 2612
0 12 59 1306
0 97 93 3050
1 88 562
1 81 4787
0 83 60 4836
0 6 66 1297
0 75 21 1310
0 49 56 837
0 31 71 2537
1 2 4836
1 41 1589
1 81 3179
0 51 95 4151
1 83 4457
0 35 62 2327
0 40 50 664
0 84 48 2280
0 76 71 1328
1 87 4229
1 63 4933
1 9 1559
1 18 2046
0 14 46 2915
0 67 54 258
0 45 17 4027
1 87 4985
1 28 1485
1 7 4841
0 91 68 2646
1 52 3489
0 60 79 1700
0 90 63 4588
0 16 43 780
1 15 2623
1 100 4911
1 45 1083
1 31 1386
1 13 314
1 60 1665
0 63 31 3495
1 79 867
1 25 309
0 50 39 4677
0 14 2 1542
1 53 3257
0 24 38 209
0 18 71 4132
0 49 71 2203
1 92 4030
0 32 57 2474
1 57 2211
1 68 1676
1 54 1461
0 89 56 2438
1 79 4253
0 25 28 4203
1 60 195
1 58 2087
1 87 691
0 45 22 3314
0 7 76 1721
1 8 4573
1 48 101
1 13 3594
0 74 73 4950
0 87 37 3521
1 4 4342
1 11 4452
0 89 13 4789
0 49 17 3818
0 27 72 509
1 14 924
1 69 4626
0 87 28 1053
0 98 51 4993
1 86 3942
1 52 822
0 26 83 3076
1 80 526
0 88 28 2803
0 62 77 240
1 28 3571
0 92 73 1745
0 49 86 4131
1 4 4461
0 33 71 157
1 58 354
1 76 2414
0 12 68 4225
0 71 45 506
1 59 4015
0 45 26 2931
1 34 552
1 53 1702
1 88 969
0 52 8 3781
1 50 4794
1 98 3656
1 16 4998
0 89 32 985
1 78 3133
1 42 4606
1 31 3080
1 36 768
0 24 49 4391
0 67 25 4405
0 28 63 3167
0 56 63 3986
1 26 97
1 38 4963
0 100 49 1958
1 38 2730
0 72 99 4708
1 90 2995
0 21 39 1432
0 93 34 1669
1 13 2819
0 92 15 4052
0 2 5 3107
1 73 140
1 89 2894
0 3 68 4392
1 87 2978
1 75 3412
1 60 2493
1 46 3505
0 21 48 3116
1 36 3758
1 73 193
0 92 71 2312
1 22 2202
1 83 3963
1 72 4239
1 91 1679
0 39 71 3611
0 63 53 3526
1 36 4731
1 91 3385
1 11 2000
1 76 2971
1 35 4230
1 5 4324
0 51 22 814
0 55 3 600
0 89 98 2579
0 75 54 3979
1 73 2222
1 35 4202
0 68 71 1936
1 79 627
0 20 32 805
0 53 67 1938
0 95 33 4241
0 95 1 1110
0 26 63 3334
1 23 2085
0 9 13 826
0 22 57 2645
1 57 1481
0 58 66 1679
1 75 4499
0 34 81 4178
0 84 73 1257
0 86 61 3787
0 24 29 517
0 20 87 3852
1 23 1126
1 94 3439
0 5 86 478
1 74 1716
0 86 16 2697
0 15 57 1506
0 32 17 4736
1 85 2370
1 30 2470
0 4 31 1979
1 3 4109
1 6 2179
1 39 2941
0 47 72 2900
1 7 2565
0 13 5 772
1 75 3390
0 42 87 4983
1 79 519
1 87 1490
0 100 59 3333
1 72 1362
1 27 2094
1 22 26
1 46 4314
1 67 222
1 49 3196
1 77 4526
0 38 92 4146
1 77 860
1 14 4513
1 62 4609
1 53 3795
1 80 4024
1 34 4988
0 41 94 1086
1 21 1517
0 86 54 2960
0 14 73 798
0 84 26 3628
1 81 599
0 97 60 1868
0 18 97 2696
1 22 2946
0 1 63 2103
1 95 2255
0 35 28 4723
1 59 1199
0 40 84 1943
1 64 2458
0 11 100 3498
1 70 4946
1 72 1898
0 40 35 3005
1 18 2240
1 10 1053
0 64 31 3838
1 33 4412
0 90 65 466
1 83 2050
1 41 538
0 28 96 4673
1 1 4599
0 46 33 1241
1 83 4974
0 50 66 2087
1 49 952
1 1 3706
1 63 3560
0 97 32 1054
1 59 3389
0 79 44 1072
1 67 1027
0 100 80 3142
0 51 91 3584
1 41 2236
1 56 2791
0 16 41 2754
1 35 2760
1 52 3196
0 57 34 3139
1 70 3529
0 38 24 3908
0 1 17 1403
0 91 86 828
1 84 3240
1 60 4593
0 2 27 2361
0 64 72 4584
0 62 45 1750
0 94 14 629
1 2 2378
1 22 4013
0 66 84 4225
0 49 98 2214
1 26 2861
0 69 2 4127
0 37 58 3140
1 100 1697
1 14 1528
0 25 27 270
1 27 2480
1 42 3701
1 65 893
1 97 3906
1 38 572
0 23 43 1139
0 38 18 4339
0 66 85 987
0 77 17 750
1 73 4529
0 20 92 1725
0 63 84 3543
0 53 60 644
1 75 2615
0 24 1 4393
1 58 1817
1 89 4955
0 24 89 4488
1 35 2443
1 62 3721
0 66 35 1625
1 1 2033
0 39 60 4313
1 81 3408
0 21 58 438
1 49 3229
1 12 4536
1 50 3536
1 38 4603
0 79 48 215
0 41 79 3058
1 24 3934
0 12 83 1446
0 26 5 571
1 8 2018
0 88 69 4931
1 40 3080
1 39 3000
1 11 1849
0 82 86 2286
0 82 4 2937
0 26 77 3651
1 38 3929
1 64 2915
0 94 3 1596
0 52 20 4960
0 88 92 1547
0 74 61 2891
1 98 3312
0 25 48 3445
0 8 32 4198
1 75 4313
0 29 45 904
1 29 4093
0 90 25 3318
1 4 3824
0 83 12 254
1 80 291
1 49 528
1 69 1295
1 98 4590
0 19 31 4046
0 73 49 1252
0 42 64 2
1 84 4385
0 45 70 4962
0 67 4 3210
0 23 27 1010
1 33 3172
1 28 1415
0 46 67 3182
1 34 845
0 64 54 300
1 90 204
1 58 1800
1 1 1565
1 26 982
0 33 68 1853
0 66 83 254
0 35 39 1315
1 46 2098
1 29 4699
1 96 2236
0 60 54 64
1 5 4942
1 77 649
0 49 4 655
1 43 3898
0 50 15 4852
1 25 793
0 46 35 2737
0 3 60 4016
0 71 66 1355
0 82 40 1441
0 100 72 2685
1 13 4926
0 98 62 1255
1 21 2451
1 3 1900
1 23 4111
1 40 577
0 43 38 4860
1 66 4007
1 38 1621
1 55 3719
1 68 3245
1 50 909
1 11 2488
0 72 83 300
0 89 83 1646
0 47 83 4693
0 5 16 2307
1 56 382
1 87 2196
0 43 99 92
0 39 31 1823
1 6 4364
0 54 52 3838
0 15 100 4935
1 88 3484
1 26 1290
1 78 2186
0 99 56 4998
1 86 760
0 80 20 4376
0 11 30 4194
0 5 23 4422
0 73 93 3726
0 9 3 3432
0 69 4 4301
0 95 44 638
1 91 1665
1 87 4118
1 7 1328
1 13 3270
0 31 32 3362
1 7 4052
1 40 2638
0 60 12 2965
1 27 3149
0 20 85 3404
1 60 4861
0 26 85 2383
0 37 28 4930
1 38 359
1 74 4691
0 33 17 2651
0 46 47 1129
0 96 13 3176
0 89 24 649
1 62 1489
1 24 4168
0 58 71 2862
0 47 13 2488
1 12 2389
1 50 142
1 55 739
1 45 2709
0 38 10 3755
0 34 40 960
0 22 67 1731
0 80 96 1914
1 37 3974
0 26 7 2064
0 96 64 1898
0 64 95 2329
1 61 2934
0 41 90 4067
1 56 3117
1 60 1492
1 68 139
1 90 3803
1 61 2551
1 30 3739
0 17 54 4628
0 29 24 3025
1 27 4625
0 77 16 1282
0 34 5 2661
0 50 92 4116
0 58 31 4014
0 20 85 1577
0 42 95 3027
0 80 90 503
0 66 13 3358
0 83 44 3060
1 55 616
1 9 3639
1 47 1202
0 98 15 165
1 9 4635
1 32 1400
0 14 51 2925
0 1 27 569
1 92 3143
1 77 2097
1 11 2208
0 85 95 3497
1 100 3210
1 52 4227
0 73 6 3685
1 52 2415
0 31 46 2617
1 24 2716
1 73 70
0 22 37 3190
1 24 3302
1 88 787
0 39 91 1734
1 16 855
1 82 2977
0 46 38 2871
1 19 431
1 84 3295
1 51 1100
0 88 5 1799
1 11 2121
0 1 45 771
1 43 323
1 25 3918
1 100 3609
0 94 6 4668
0 83 48 1435
1 36 879
0 14 65 193
1 34 1320
1 23 2828
1 87 406
0 43 55 4572
1 99 4581
1 1 145
0 21 62 2975
0 15 97 1541
0 40 27 696
1 49 4890
0 56 67 1246
0 23 69 4246
0 94 100 176
0 99 8 4735
0 1 4 4674
0 31 80 1411
1 51 513
0 99 24 4689
0 36 94 1132
1 28 4203
1 61 3905
0 80 45 3725
1 90 4418
1 83 444
0 21 29 4313
0 49 29 3128
1 93 973
1 76 1709
1 67 3505
1 34 1925
1 6 725
0 14 98 3612
0 80 60 1095
1 29 2575
0 5 6 3033
0 55 26 2961
0 93 66 2458
0 26 88 652
0 2 55 1304
0 99 100 411
0 65 80 3170
0 58 7 2138
1 95 3005
1 35 4101
0 24 52 2566
1 72 2007
0 46 41 4699
0 61 91 3567
1 57 225
1 67 4077
0 29 59 2383
1 35 3437
0 56 45 4514
0 76 21 1367
0 95 89 1308
0 91 77 3299
1 21 560
1 89 3734
0 68 75 1640
1 27 2605
1 38 4524
0 22 66 2004
1 97 3517
0 18 76 1440
0 81 92 543
1 48 1126
1 71 1314
1 56 4039
0 96 64 4078
1 14 3119
1 69 1366
1 13 3261
0 56 38 1166
0 8 28 4311
1 1 3034
1 85 3588
1 70 3256
1 26 224
0 34 22 874
1 43 1913
1 58 654
0 79 37 1976
1 4 2559
1 79 693
0 84 83 4541
0 56 99 1655
0 13 4 3742
1 90 3216
1 82 490
1 98 891
1 68 4213
1 79 3695
1 36 3458
0 37 2 4674
0 22 67 4766
0 50 76 3249
1 82 3897
0 30 75 2214
0 59 57 998
1 10 1690
1 76 756
0 56 29 4638
0 62 48 694
0 50 65 3539
0 42 39 1336
1 80 1196
1 80 2606
0 99 14 3840
0 61 51 2001
1 83 2089
0 6 61 1106
0 95 100 424
1 64 3544
0 85 97 3975
1 36 3436
0 69 57 1578
1 26 1315
1 38 3031
1 35 1826
0 31 23 2281
0 91 77 2887
0 24 12 1938
0 89 64 3222
1 66 336
1 23 4339
1 54 950
1 73 1044
0 99 52 1993
1 6 135
1 69 1931
0 9 39 3274
0 74 56 929
1 9 3718
0 92 10 3798
0 88 43 477
0 37 83 2683
0 8 57 3028
0 87 16 692
1 72 4950
0 34 21 538
0 22 79 2336
1 47 3351
1 18 427
0 74 94 1993
1 70 3760
1 85 1329
0 99 64 3141
0 55 77 2128
0 91 5 4325
0 21 40 3678
0 43 42 2290
0 49 30 4130
0 85 69 4831
0 9 49 3764
1 37 1536
0 32 27 3553
0 6 8 4856
1 42 76
1 46 1396
0 22 51 2954
1 97 3537
0 31 34 179
0 66 7 1495
1 10 1816
0 70 49 1383
1 18 1090
0 32 76 4159
1 48 2301
1 73 1474
1 63 2981
1 18 4933
1 99 3914
0 26 99 3198
1 52 217
0 77 56 3853
0 69 68 4752
1 37 4847
1 40 3885
0 93 100 4078
1 10 2434
0 37 76 1339
1 65 1968
0 13 34 2773
0 84 80 1099
0 9 19 2010
0 98 1 2065
1 26 3944
1 88 4642
1 70 291
1 61 2974
0 73 2 1471
0 53 28 2491
1 32 1139
0 49 78 1989
1 27 3851
0 64 38 2947
1 36 2417
1 62 1050
1 96 3967
1 45 3395
0 17 72 2040
0 64 91 533
1 99 1061
0 47 52 1442
0 72 70 2864
1 29 4316
0 56 93 653
0 69 48 4960
0 86 87 428
0 84 22 3746
0 97 14 639
0 43 72 1874
0 2 58 744
0 27 51 1985
0 7 91 1902
1 13 1298
0 82 84 210
1 44 3547
1 54 4556
1 27 3514
1 19 4003
0 22 64 4316
0 39 60 3105
0 95 55 4167
0 59 47 4221
0 7 32 2487
1 5 2107
0 18 45 2974
1 97 2613
1 80 2524
1 29 3680
0 87 40 280
0 30 85 1925
0 71 90 3436
0 1 39 973
0 21 4 2753
0 94 6 836
1 40 570
1 68 4248
0 77 48 637
0 4 10 3603
1 21 4672
0 85 14 4046
0 100 16 3002
1 38 3815
0 24 41 2418
0 40 6 4286
1 99 1323
0 20 55 1721
1 74 1918
0 52 11 4423
1 42 4174
1 44 1261
1 39 3235
1 94 4299
0 11 21 1740
1 19 4742
1 28 2221
0 27 15 4863
1 70 4933
0 13 8 4864
0 81 10 3867
1 12 1912
1 42 494
0 66 89 1554
1 86 4003
1 51 2429
1 66 2894
0 83 46 3302
1 32 4894
0 44 55 1911
1 90 20
0 18 53 4235
1 66 1907
0 73 60 193
1 34 865
0 98 86 1248
1 54 2929
0 87 36 4236
1 85 3885
0 79 89 346
1 2 475
0 85 79 3681
0 96 74 4419
1 33 306
0 39 59 2086
1 8 3145
1 77 1300
0 3 9 1731
1 12 505
1 35 2226
0 25 50 117
1 75 564
1 99 4754
1 24 635
1 13 4053
0 71 93 4269
0 3 80 104
0 66 42 4021
1 68 4499
1 52 4043
1 18 53
1 52 4533
0 13 93 2416
1 11 3672
0 63 87 774
0 38 74 2260
0 61 9 138
0 95 58 170
0 85 30 1292
0 100 69 1009
0 66 38 4568
1 19 3954
0 72 93 921
0 47 40 1539
0 91 53 2460
0 21 71 2931
1 89 1851
1 33 4960
1 95 338
0 86 69 161
1 67 3876
0 5 14 150
0 100 24 2378
0 30 25 2488
0 27 43 2202
0 89 67 4112
1 43 4898
1 75 1364
1 3 820
0 15 68 2918
0 10 41 4131
1 15 2670
1 12 899
0 99 43 2332
1 38 372
0 7 47 2935
1 3 4849
1 50 4537
1 80 4370
1 54 3200
0 58 95 2725
0 35 44 4001
0 9 86 4808
0 60 16 1341
0 68 79 859
0 36 76 1652
0 65 35 4034
1 100 3496
0 36 87 4060
1 66 4871
1 12 1600
1 29 4395
1 4 1807
1 29 786
0 25 69 2055
1 60 520
1 38 188
1 20 1988
1 9 2341
0 10 14 163
0 10 78 2308
0 9 51 2973
0 54 67 4012
0 81 91 867
1 82 4284
1 11 2015
1 10 1717
1 45 1425
1 40 4532
1 12 3649
0 36 90 511
0 31 69 2847
0 51 78 4952
1 38 1606
1 43 3353
0 32 35 2872
1 95 1667
0 5 24 4783
0 66 94 2513
0 20 10 1083
0 69 39 3
0 70 51 2954
0 91 11 2023
0 75 65 472
1 7 1118
0 41 70 368
0 33 20 1699
0 5 83 4681
1 10 276
0 69 64 808
1 90 4415
1 85 4836
0 89 39 4293
1 1 1734
0 60 53 3837
0 1 5 4793
0 43 19 447
1 35 1764
0 30 33 3325
1 30 4668
0 51 89 2546
1 46 2809
0 39 62 3485
1 78 4573
0 49 94 3119
1 68 750
1 49 2819
1 91 1041
0 18 64 3743
1 45 2045
0 36 7 3033
1 75 74
0 8 88 2070
0 87 59 849
0 50 26 3950
1 52 4010
1 33 3995
0 64 80 1075
1 70 4226
0 59 75 851
1 3 4367
1 87 1570
1 58 3673
1 88 3528
0 94 23 2781
0 96 22 4592
1 92 177
1 53 3289
0 61 29 3636
0 95 96 1277
0 45 1 3964
0 49 20 1379
0 3 47 2425
0 67 4 2484
0 14 91 2641
0 39 88 1820
1 82 4933
0 87 10 2623
0 2 27 3665
0 69 22 2632
1 66 3526
0 45 23 186
0 67 57 2061
0 61 48 1281
0 69 83 4917
1 74 784
1 100 3351
1 29 1918
0 21 85 3093
1 46 4555
1 68 1457
0 37 26 476
1 13 4646
1 5 679
1 83 3761
1 98 3767
1 55 2136
1 27 981
1 60 3888
1 63 2951
0 8 25 3138
1 50 3240
1 14 3779
0 65 26 3446
0 30 39 3790
1 2 1744
0 8 69 2978
0 61 50 4743
1 17 4860
1 84 2536
1 58 2053
1 44 4574
1 49 2899
1 91 921
1 68 3081
0 78 36 2726
1 77 3475
1 87 3400
0 23 42 3822
0 23 13 1759
0 9 30 3113
1 16 1904
0 67 69 4959
1 33 4115
0 20 98 647
0 89 28 1845
1 85 4846
1 96 341
0 4 87 4433
1 34 1379
1 28 3495
0 92 78 2409
0 85 17 4036
1 85 4680
0 94 1 1492
0 36 41 3851
1 95 2436
1 53 4004
1 70 3037
0 28 70 2970
0 58 26 558
0 82 61 4054
1 18 3547
0 32 54 1755
1 9 2448
0 66 51 880
0 79 17 550
1 18 2052
0 72 69 3771
0 81 73 4915
0 63 4 587
1 64 3265
0 36 68 3653
1 74 2059
0 22 26 4077
1 32 1832
0 79 72 4898
1 42 4925
1 86 946
1 47 4615
1 15 4879
0 63 55 1243
0 59 5 4567
0 89 94 2310
1 53 4612
0 92 68 4045
0 23 5 2259
1 17 4871
0 93 53 3609
1 53 267
0 23 66 2215
1 38 546
1 86 3399
0 38 46 4887
0 38 5 3579
1 57 3877
1 92 2244
1 69 251
1 7 2463
0 100 91 4355
0 80 32 1258
0 26 23 386
1 98 4737
0 78 2 2296
0 42 62 447
0 88 47 2218
0 26 85 3184
1 67 2598
1 7 2302
1 92 4520
1 59 1103
0 85 98 3251
0 31 63 1440
1 55 1207
1 95 348
0 24 3 1607
0 93 95 3763
0 21 7 3398
1 59 2252
0 99 96 1381
0 81 62 1547
0 25 5 4827
1 40 346
0 64 82 4974
1 16 281
0 32 18 1980
1 98 3342
0 7 64 3288
0 44 34 2336
1 46 3739
1 31 3616
1 35 2385
1 84 753
0 39 16 2297
0 40 36 277
0 26 24 82
1 56 3085
1 96 1144
1 74 4497
0 34 53 1096
0 91 43 2949
1 75 2990
1 70 3307
1 58 21
0 72 50 434
1 77 1259
0 26 70 3660
0 72 80 2338
0 49 70 2886
0 47 77 2964
0 47 9 2611
0 24 48 3936
0 62 5 2284
1 84 1974
0 41 50 1491
0 32 59 284
0 95 38 3767
0 10 99 4953
1 63 3135
1 60 2417
1 82 1535
1 4 4322
0 43 45 2615
1 50 2835
1 87 2261
1 99 1834
0 98 100 3940
1 65 318
1 87 2334
0 69 92 3053
1 2 2718
1 32 3461
0 47 80 2909
0 50 84 2561
0 43 68 2702
1 29 908
1 10 4731
0 59 19 4875
1 84 3224
0 96 51 254
1 6 81
0 83 10 1013
0 32 79 4682
1 42 442
1 84 2709
1 31 2794
1 46 4347
0 13 61 1563
1 18 64
0 37 74 77
1 33 4026
0 87 35 4426
1 20 195
1 54 1730
1 7 2742
0 40 20 3693
0 5 62 2168
1 50 16
0 59 76 194
1 16 3659
0 75 74 4476
0 45 67 710
1 40 809
0 13 43 1763
1 97 2331
0 75 89 295
0 16 92 3025
0 6 59 857
0 54 40 4935
0 71 100 1566
1 25 2157
1 70 4994
1 27 1039
0 48 53 4919
1 46 4874
0 59 18 2688
1 13 3223
0 23 91 4322
0 52 53 4861
1 75 4610
1 15 3093
1 35 3863
0 29 77 3933
0 42 72 3212
0 40 73 4476
0 9 38 4649
1 23 3165
1 100 2110
1 26 3739
1 79 4681
0 69 98 576
0 46 61 2138
0 89 58 591
1 63 3255
1 37 3897
0 38 64 319
1 79 3311
0 53 37 472
0 74 56 4812
0 18 87 3604
1 85 2057
1 73 814
1 22 2122
1 47 1768
1 25 1798
1 47 2404
0 82 85 1562
1 12 586
1 89 3533
1 41 228
1 44 4809
1 72 4989
1 16 3522
1 34 1273
1 90 2979
0 88 94 1598
1 20 62
0 9 20 4768
0 19 33 2385
0 75 44 3450
0 97 64 3471
0 94 100 1854
1 58 2424
1 91 3326
0 56 63 719
0 31 20 4028
1 83 1518
1 47 3445
1 14 1966
1 61 1176
1 73 281
0 73 84 2993
1 27 1617
0 76 40 4701
1 24 809
0 98 63 3220
1 59 1749
1 3 1559
0 49 41 2762
1 78 795
0 34 4 4168
0 69 57 2166
0 16 58 1523
0 49 7 2721
1 61 773
0 65 50 3676
1 65 522
1 35 1034
0 30 40 993
1 11 2604
0 16 40 3525
0 5 73 4096
1 66 4876
1 71 4792
0 84 92 1242
0 94 8 4776
1 96 594
1 27 2379
0 23 53 2286
0 63 3 1264
1 7 311
0 7 4 660
0 34 51 2121
1 2 294
0 35 82 2916
1 44 2383
0 62 75 4297
0 11 81 890
0 81 19 2510
0 100 50 3922
0 11 95 4832
1 48 824
1 97 3444
1 99 3638
0 84 91 265
0 86 65 2979
0 3 81 3429
1 8 4485
1 32 2048
1 50 2460
0 52 24 1446
1 40 4820
1 93 1732
0 73 41 2074
0 68 26 2805
1 41 63
0 5 50 470
0 31 20 1679
0 28 83 3569
1 45 3086
1 62 582
0 2 21 3241
0 18 55 4811
0 14 57 1348
0 45 47 3171
0 78 27 4640
0 93 17 4432
0 45 55 1187
1 65 97
0 13 5 4885
0 48 100 4967
0 8 61 4406
1 46 4225
1 71 3338
1 15 1472
1 55 2729
1 98 1252
0 27 80 4097
1 90 1986
1 80 4833
0 81 15 2861
1 11 1093
1 84 1317
0 21 89 4011
0 57 4 829
1 97 3295
0 26 46 3083
1 39 1825
1 8 2114
0 78 71 904
0 13 4 3889
0 57 44 4063
0 69 22 4582
0 6 99 660
0 30 39 1572
0 58 24 2405
0 23 24 4298
1 82 3050
0 72 33 2400
0 78 12 4190
1 78 4857
0 24 18 798
1 25 101
0 31 19 3368
1 20 4486
1 26 4646
0 1 94 4355
1 80 2383
0 67 47 1705
1 83 779
1 79 3386
0 73 21 1358
0 32 65 3943
1 55 3835
0 94 58 4412
1 94 4817
0 65 29 3994
0 74 24 729
0 25 70 4981
1 5 2275
0 79 66 1674
1 18 3607
0 96 70 1102
0 80 59 2873
0 80 16 1431
0 70 10 1528
1 85 3747
0 48 82 1526
0 85 48 3600
1 2 3758
0 80 69 4528
1 17 3672
0 20 29 3344
0 75 83 1790
1 85 4407
1 12 573
1 58 2373
0 62 68 2279
1 62 3650
1 23 4916
1 39 1752
0 76 11 1237
1 6 4668
0 98 57 3539
1 97 2927
0 89 58 4865
0 58 86 95
0 56 38 2025
1 29 2555
0 62 91 4594
1 33 3005
0 57 99 682
0 7 44 1092
1 39 2854
1 11 4795
1 69 3610
1 25 877
0 44 24 755
0 21 34 1440
0 81 90 4799
1 78 1237
0 97 32 3450
0 32 55 3705
0 15 63 2573
1 46 1021
0 81 46 1450
1 20 1376
0 64 85 3969
0 62 36 3374
1 60 4237
1 8 4407
0 69 16 1359
1 43 1475
1 88 4602
0 39 88 2051
1 35 2557
1 47 3079
0 26 45 3049
1 23 657
1 84 1605
1 7 2404
1 59 4388
0 34 70 392
1 60 1887
1 42 13
1 56 1430
0 51 41 4020
1 79 1179
0 33 89 388
1 20 2618
1 65 2842
0 2 76 1336
1 64 2953
1 22 880
0 79 2 4604
1 90 4428
1 28 4250
0 65 31 2980
0 45 38 4635
0 37 69 75
0 17 5 4100
1 42 2238
1 23 2290
0 76 94 4788
1 56 3102
1 56 245
1 14 1572
0 62 81 4516
0 61 91 1711
0 42 2 4086
1 92 2672
0 53 20 2537
1 87 2314
0 88 4 2657
1 55 2457
1 77 1613
1 68 2421
1 2 4860
1 42 3276
0 39 93 3367
0 74 78 172
0 21 16 2225
0 81 68 2450
0 71 49 3267
1 74 3761
1 95 1637
1 35 3844
0 4 35 4625
1 4 1949
0 83 17 1944
0 18 84 3249
0 33 89 481
1 7 281
1 55 2403
1 92 2209
0 84 46 650
0 40 38 536
1 46 4946
1 42 2519
0 72 76 1902
1 30 4653
1 6 1364
1 16 2855
1 96 4669
1 50 3613
0 19 16 4482
0 15 50 2832
1 33 718
0 19 73 1863
1 3 3053
0 49 94 1632
1 11 4080
1 90 972
1 65 4006
0 5 8 675
0 7 86 1116
0 55 24 3255
1 9 960
0 71 36 786
0 73 62 3876
0 13 53 992
0 57 79 2529
1 28 288
1 70 1571
0 58 89 1494
0 94 59 485
1 36 589
1 65 2748
1 36 2862
0 59 37 1872
1 4 464
1 73 415
0 7 44 3065
0 1 80 4163
0 20 93 4902
0 32 43 4404
1 71 4394
0 99 1 4890
1 70 3532
1 5 1916
0 31 40 2452
1 11 3464
1 80 228
1 62 1146
1 48 79
0 13 77 1708
0 87 34 137
1 5 168
1 11 1748
1 47 2129
1 90 864
0 47 3 2265
0 35 43 2241
0 70 63 3861
0 12 61 2529
0 74 98 2242
0 36 100 3499
1 43 3233
0 24 20 3107
0 76 31 208
1 46 311
0 26 11 1394
1 21 4217
1 55 2935
0 45 46 4088
1 33 1650
0 50 27 162
0 81 63 2186
0 89 100 2767
0 48 73 2839
1 6 4967
0 53 98 2227
1 11 324
0 9 29 4689
0 58 49 1443
1 46 609
1 2 679
0 7 5 3236
1 27 2208
0 25 33 643
1 34 2050
0 48 8 1959
0 55 29 1900
1 18 2713
0 40 18 431
0 64 44 347
1 9 3190
0 90 85 4933
1 13 2241
0 8 47 1620
1 55 2733
1 89 2636
1 81 4994
1 42 2741
0 49 64 4173
0 69 44 2369
1 81 3877
0 14 3 3042
1 15 4712
1 78 1086
1 78 4331
1 15 395
0 4 39 4193
1 2 1258
0 82 16 343
0 6 95 1017
1 35 1382
1 44 3385
1 94 4541
0 98 31 4190
1 87 3554
1 2 6
0 41 88 2853
1 97 3040
0 87 37 1026
1 66 2606
1 32 4836
0 24 81 2599
0 54 73 4562
1 47 1845
0 45 25 3791
0 66 88 100
1 48 1566
0 4 32 1920
0 96 46 2224
1 84 2861
1 96 3949
0 86 75 3247
1 82 4811
0 88 49 105
0 17 88 3966
1 51 1275
1 61 2530
1 53 971
1 63 219
0 56 8 3335
0 59 40 3279
1 63 2075
1 61 3117
0 39 15 2901
0 36 45 1553
1 22 3800
1 84 1062
0 74 77 1808
0 51 52 2330
0 2 56 2127
1 80 3302
0 6 29 3035
1 8 2856
0 21 78 2027
0 47 89 4029
1 84 1775
0 55 28 1704
0 84 57 4188
1 59 4004
0 54 88 513
1 60 2504
0 52 76 1714
1 80 37
1 71 2117
1 66 874
0 94 49 3609
1 50 2024
1 62 3399
1 51 2733
1 88 1114
0 99 12 584
1 42 2841
0 64 63 4242
1 28 67
1 41 1066
1 12 3840
0 13 51 643
0 61 24 1999
0 96 44 574
0 4 57 268
0 96 97 2507
0 10 7 495
0 4 81 1524
0 98 82 3354
1 49 3065
0 75 42 348
1 64 555
0 61 86 2359
0 60 21 4570
1 96 3033
0 88 31 379
1 95 2872
1 26 4966
1 66 2516
1 100 4290
0 80 40 3728
0 56 53 2076
1 50 2882
1 25 634
0 11 70 4319
1 62 4499
0 80 53 4589
1 78 1752
1 83 2001
1 25 4166
1 15 1238
1 9 2074
0 33 90 2593
0 6 13 2851
0 43 56 1381
1 31 1659
1 31 3456
0 63 72 3543
1 79 3755
1 77 833
0 31 96 4576
0 28 7 4830
0 47 57 1726
1 66 4882
1 2 2388
1 19 2486
1 53 4879
1 28 1421
1 5 503
0 55 99 4843
0 98 39 676
0 22 5 4382
0 76 85 3756
0 50 46 3891
0 98 72 4930
0 32 48 2588
1 72 3726
0 51 89 3261
1 74 2799
1 85 4201
0 68 89 1234
0 3 100 4443
1 75 3499
0 70 85 510
0 55 92 3231
0 2 7 2806
1 57 693
1 81 3427
0 72 8 2056
0 79 95 4401
0 63 56 1424
1 73 2833
0 71 95 644
0 36 14 715
1 18 3889
1 34 3307
0 98 90 1194
1 81 3092
1 25 2908
1 92 1464
1 20 3876
0 49 47 1263
0 61 18 3604
0 80 25 4268
1 87 4970
1 95 3180
0 8 72 2731
1 86 2269
0 2 57 4325
0 93 42 3707
0 7 25 1002
0 57 91 2101
1 77 418
0 99 56 3962
0 38 97 1692
0 55 21 2051
1 34 2762
0 57 16 2509
0 1 95 4989
1 32 2392
1 99 305
0 3 35 1065
1 55 396
0 81 10 4824
0 79 98 2048
0 18 90 3176
1 25 1763
1 90 1547
0 1 51 4110
0 97 94 1678
0 75 86 322
0 13 45 1900
1 66 913
0 88 93 2671
1 14 2580
1 73 3940
0 55 30 611
0 14 15 2732
1 60 2251
0 62 32 4066
1 54 4147
1 73 4234
0 18 75 169
1 74 3152
1 24 3065
0 62 85 1855
0 22 70 4594
1 85 4462
0 46 28 500
0 79 16 4474
1 63 1137
1 57 1085
1 12 2093
0 42 86 4644
0 77 53 1785
1 10 2244
0 88 26 2590
1 63 1572
1 46 4517
0 54 17 2000
1 23 1992
1 24 1503
0 49 3 1370
0 75 42 3049
1 54 113
0 84 15 3956
0 38 39 1925
0 100 50 3831
1 12 4359
0 35 76 1108
0 22 37 4490
1 15 716
0 13 14 3123
0 43 25 1624
1 83 161
0 68 51 4053
1 57 755
0 84 40 745
1 92 1359
0 69 34 674
0 66 5 2195
1 80 3102
0 93 89 876
0 65 85 3667
1 29 1355
1 86 1413
0 40 74 3538
1 11 2054
0 51 45 2996
0 65 21 4148
1 56 2659
0 54 83 3448
0 30 14 4293
0 97 31 652
0 28 22 1550
1 42 4215
0 30 72 3253
1 2 2505
0 32 84 4846
0 72 17 906
1 93 3735
1 15 2091
1 42 1280
1 89 3147
1 86 3004
1 17 2559
1 10 3666
1 27 21
1 23 1642
0 53 77 4942
0 91 87 4135
1 75 1678
1 58 3324
1 48 4764
0 92 55 4666
0 74 15 3266
1 68 904
0 90 4 1730
1 13 3574
0 81 1 4043
1 40 2381
0 21 49 3319
0 92 72 4147
0 10 13 1950
1 17 4466
1 31 2908
1 97 3281
0 4 29 4701
0 25 85 340
1 19 2533
1 29 1159
1 14 2859
0 6 49 4556
1 81 263
0 14 84 3810
0 79 95 2821
1 41 549
1 25 4724
0 93 73 1357
1 99 1885
1 23 3843
0 9 13 2545
1 46 1927
1 57 3596
0 36 18 1870
1 64 4463
1 51 29
0 41 47 594
1 38 2655
1 80 1921
0 95 76 3314
0 11 21 1574
1 71 1118
0 16 65 4806
0 3 59 2408
1 24 1130
0 27 18 4366
1 18 2820
0 53 13 3216
1 59 1233
1 54 3879
0 85 91 4660
0 18 46 1337
0 20 77 550
0 74 65 3021
1 22 3781
1 82 1576
1 84 1699
0 83 74 2751
0 49 86 1803
0 97 29 3085
1 71 866
0 11 70 4761
1 38 3912
0 13 93 3788
1 3 205
1 43 432
0 69 2 1797
1 70 2715
0 40 12 2206
1 59 836
0 65 3 3640
1 96 2598
0 33 17 4867
0 65 88 4436
0 87 28 508
1 83 810
1 29 704
0 58 30 4041
1 54 2806
1 18 2594
1 82 2155
1 15 3731
0 65 100 1085
1 86 1549
1 16 83
0 1 32 794
0 17 52 2887
0 62 11 4663
1 18 2384
0 20 37 4271
1 79 1525
1 36 209
0 16 21 4397
0 55 67 4698
0 65 40 842
0 16 82 355
0 32 85 1565
1 21 2165
1 51 118
0 72 93 1822
1 98 1272
0 24 19 548
0 62 31 2988
1 56 1931
1 13 4430
0 24 33 2414
0 15 72 451
1 72 3834
0 81 52 3009
1 92 1925
1 88 302
1 68 1321
0 100 82 1530
1 84 4019
0 48 66 1602
0 61 88 3267
1 79 2715
0 79 4 219
0 71 51 3673
1 60 3067
1 59 2031
0 64 78 3493
1 41 2859
0 94 87 1620
1 40 74
1 12 618
0 93 55 896
0 72 40 370
1 14 4181
0 33 84 4536
1 61 3891
1 37 621
1 8 4847
1 18 4400
0 65 100 4002
1 51 2401
0 14 22 4446
1 87 1171
1 39 3812
0 96 38 1223
0 41 27 3250
1 79 1191
1 22 2649
0 94 62 1485
1 4 1061
1 36 649
0 57 5 3767
1 54 1725
1 44 1305
0 65 67 3458
1 22 1438
0 3 89 2652
1 24 95
1 38 1287
1 8 1999
0 81 84 2416
1 4 2283
1 24 3092
1 9 2491
0 47 68 931
1 21 1648
1 33 3514
1 45 2203
0 90 93 1703
0 45 58 575
0 91 38 3923
0 82 27 4572
1 7 1607
0 20 46 3129
1 30 3889
0 44 19 4353
1 91 2596
1 90 23
1 26 642
1 5 4195
1 40 4978
1 59 1522
1 40 515
1 52 398
0 34 5 1347
0 36 74 501
0 20 37 952
1 18 3869
1 52 3737
1 81 4516
1 20 4647
0 90 58 1310
1 22 1176
0 49 77 963
0 39 30 1303
0 70 67 1321
0 28 42 3278
0 85 86 1341
1 92 744
1 55 3622
1 77 3172
1 51 31
0 35 16 2013
1 72 1261
1 46 4203
0 20 18 1120
1 100 824
1 19 3396
1 85 2066
0 55 73 1416
0 60 53 3581
0 6 58 1290
1 59 4719
0 6 58 3164
0 40 76 1845
1 78 2617
0 53 63 2017
0 97 91 106
1 57 4621
1 10 182
0 18 81 3094
1 65 1369
0 27 84 4894
1 50 3160
1 98 4858
0 43 19 1602
1 21 2105
0 18 32 4047
0 40 50 1811
0 73 74 125
0 38 84 3001
0 77 99 2158
1 74 2574
1 64 4991
1 82 2019
1 50 4710
1 62 22
1 96 1485
1 85 2119
1 66 4004
0 46 96 1400
1 75 900
1 69 1210
0 49 9 4015
1 79 3464
0 82 88 4696
0 31 70 2234
0 17 39 797
0 25 31 4728
0 79 75 4324
0 18 84 4609
0 25 73 1701
1 52 1260
1 82 1926
0 79 27 2908
1 91 4190
1 90 730
1 88 1514
1 53 4412
1 83 2334
0 22 31 1673
0 92 21 2401
0 32 17 2886
0 96 27 3829
0 77 22 248
0 43 81 4334
1 3 3182
0 10 78 3731
1 28 1350
0 32 93 4085
1 38 222
0 3 12 2152
1 99 4395
1 39 1634
1 55 2329
1 47 1500
0 93 17 1824
0 42 87 4453
0 59 15 4350
1 49 3059
1 26 3807
1 90 4510
0 88 5 430
0 3 53 1543
0 45 89 3938
0 24 22 3629
0 40 45 3755
0 27 11 3129
0 19 55 2505
1 87 2441
1 72 2967
1 74 108
1 93 4159
1 87 4238
0 70 80 1989
0 88 45 4362
0 100 55 88
1 17 4407
1 45 1941
0 14 42 1298
1 57 4824
1 42 4856
1 98 4749
1 8 1466
1 24 3816
1 81 2076
1 35 2577
1 49 1960
0 71 53 3580
0 82 23 342
1 6 576
1 66 3880
1 57 1146
1 48 3912
0 64 37 2503
0 73 64 1571
1 56 4475
0 62 19 3303
0 82 3 4754
0 60 74 912
1 40 1956
1 92 4456
0 15 67 3670
0 82 26 3493
0 92 33 3983
1 68 4554
1 28 2268
1 42 4341
0 79 72 4454
0 8 2 2924
0 16 6 3816
0 77 68 3700
1 83 4074
0 88 21 972
1 34 2202
0 46 92 2734
0 33 15 4712
0 89 71 1365
1 38 2158
0 53 35 1845
1 48 1642
0 14 45 1114
1 19 952
1 72 638
1 22 1301
0 56 19 3140
0 51 12 3480
0 32 97 1789
0 58 54 3390
0 17 99 4804
1 46 2213
0 99 23 280
0 92 97 4193
1 69 1022
0 2 44 2889
1 46 2990
1 37 1267
0 10 46 2583
1 54 676
0 50 90 2690
0 83 44 3459
0 14 11 1149
1 91 2183
1 91 4230
1 12 4804
0 87 52 1559
1 84 1214
0 4 34 1710
1 82 1757
0 12 21 4081
0 20 60 4279
1 61 1275
1 20 2220
1 68 4748
1 90 3235
0 16 58 3965
0 93 1 794
1 19 3049
1 76 160
0 38 12 57
0 65 29 4149
0 23 88 3197
0 30 88 3789
1 22 941
1 77 3942
0 20 69 532
1 81 2767
0 84 22 559
1 99 4378
0 15 96 1312
0 43 57 1758
0 28 26 1027
0 39 20 1347
0 83 48 4765
0 57 12 943
1 71 66
0 35 91 721
1 58 2142
1 14 2574
0 93 79 1823
0 61 12 4855
1 15 4993
1 20 1098
1 66 3152
1 11 4323
0 49 70 2680
0 84 90 370
0 28 8 3949
0 88 57 2930
1 70 3926
1 92 3190
0 88 19 4248
0 13 88 2769
1 1 4094
0 31 4 1422
1 16 2608
1 59 457
0 71 13 1036
1 7 1957
0 93 11 12
1 98 612
0 87 61 2736
1 17 1800
1 28 852
1 51 2903
0 46 41 1264
1 100 126
1 30 1839
0 21 32 891
0 98 29 1508
0 68 87 1995
0 76 43 1148
1 70 2026
0 40 68 165
1 66 2612
1 64 313
1 63 2438
1 52 2364
0 52 19 3947
0 20 94 1831
1 88 371
1 38 812
1 71 2354
1 86 2717
0 55 40 1024
0 51 18 3564
1 18 1498
0 54 24 1197
0 92 32 3603
0 75 25 4776
1 36 1123
1 67 2512
1 88 3609
1 31 3203
1 17 4818
0 37 2 3123
0 91 92 2234
0 47 79 1689
0 55 88 2816
1 32 4885
0 33 62 1090
1 1 1434
0 73 6 3409
0 18 17 1501
1 41 1076
0 95 4 851
1 3 68
1 89 1732
1 58 506
0 58 72 3863
1 20 2709
1 17 2032
1 28 3267
1 7 4561
1 6 2071
0 59 84 1865
0 66 74 4558
1 12 4264
1 88 2097
1 20 3610
0 67 66 1386
1 81 2988
1 32 4543
0 67 91 712
1 58 3088
0 29 3 1155
0 82 74 3435
0 36 52 2330
0 3 82 1164
1 68 4683
1 57 2343
0 64 33 2814
0 77 89 3763
1 16 1366
1 95 1706
1 36 2259
1 55 1165
0 94 64 2403
0 91 9 2936
0 96 100 3674
1 51 3385
1 80 4491
1 40 2290
1 13 2995
0 81 57 927
0 78 70 458
1 86 1685
1 61 1574
0 63 65 4441
1 86 3270
0 69 84 3432
0 53 84 4277
0 37 9 3970
0 24 61 972
0 71 33 2924
0 49 67 3963
0 19 17 2185
1 87 1755
1 58 3366
1 12 4079
0 70 66 3753
1 94 1915
0 75 90 1626
1 62 2293
0 48 62 196
1 37 4252
1 69 4190
1 55 3187
1 30 3253
1 91 3774
0 38 74 3085
1 49 4932
0 73 80 4690
0 69 87 4821
0 33 11 3370
0 11 64 856
1 90 2777
1 11 1327
0 56 63 1168
0 7 64 3037
0 43 8 2121
0 74 67 719
0 41 33 4223
0 52 84 1081
1 61 198
1 1 1119
1 52 4044
0 59 38 540
0 48 24 1769
0 63 55 1932
0 96 9 625
1 88 4469
1 96 1651
0 99 38 4096
1 70 2552
1 3 4098
0 97 79 2238
0 5 28 3377
0 30 47 1917
0 62 89 547
1 46 1057
0 45 97 4327
0 47 13 2072
0 19 50 596
1 76 2022
0 92 17 2400
1 33 3705
1 72 2542
0 25 93 2767
1 73 780
1 55 2188
1 37 2306
0 98 59 4878
0 20 46 3587
0 69 87 1850
1 40 4612
1 84 3210
0 84 2 747
1 87 3490
1 64 1703
1 9 3401
0 35 54 205
1 53 2524
0 30 26 2450
0 55 69 2267
1 26 1239
0 76 69 2920
1 84 3866
1 16 4252
1 31 4769
0 43 35 3747
0 39 58 4464
1 27 3562
1 17 161
0 41 95 3284
1 47 738
1 9 3691
1 63 577
1 38 1626
0 1 9 3183
1 59 2807
0 50 51 2453
0 35 60 4611
0 58 21 4533
1 85 3237
1 81 385
1 55 2848
1 77 750
1 37 2543
0 35 64 1688
0 75 30 267
1 25 3303
0 84 80 2817
0 37 69 3894
0 32 92 1171
1 71 12
1 4 310
0 60 30 3433
0 97 29 914
1 76 661
1 2 2346
1 82 1481
1 23 658
1 25 173
0 78 13 4467
0 43 20 1629
1 67 1220
0 41 61 4950
0 36 86 1230
1 9 2098
1 7 410
0 1 57 504
1 91 1829
0 86 68 1143
0 37 89 2524
0 93 86 2069
0 68 59 1416
1 69 2545
1 2 2967
1 78 4078
1 93 2191
0 77 5 3503
0 99 20 631
1 28 2634
0 2 58 3194
0 64 78 921
0 57 47 2658
0 52 32 2582
1 36 755
0 93 43 4606
0 76 55 3622
0 8 71 3600
0 44 4 2300
0 51 32 2660
1 77 1565
1 89 2752
0 1 79 3301
0 54 70 2441
0 98 65 4924
0 84 23 3259
0 84 54 1689
1 16 4983
0 77 25 3666
0 49 27 3390
1 51 850
1 62 2999
1 41 184
0 68 86 4412
1 42 2033
1 71 3562
0 31 69 4622
0 57 82 2155
0 5 19 3273
0 52 53 1504
0 37 25 3059
1 57 3699
0 25 81 4952
0 61 87 81
1 18 3971
1 38 3632
1 42 3641
0 34 38 1290
0 37 34 1143
0 93 99 4514
0 96 2 730
1 81 2418
0 100 34 1541
1 38 3897
0 81 70 1179
1 82 2077
1 10 3543
0 74 68 83
0 29 92 3904
1 28 170
0 14 49 2623
1 28 1170
1 76 851
0 74 75 4150
1 98 1221
0 8 99 1542
0 70 33 3724
1 19 3368
1 2 1928
0 95 12 2393
1 84 4659
0 51 45 3911
0 63 96 3405
1 92 3602
1 2 4844
0 40 86 2923
1 100 1933
1 45 4953
1 56 37
0 86 66 4270
0 41 76 3870
1 12 1109
0 6 1 1731
0 4 20 1042
0 100 56 2599
1 76 2763
1 82 1365
0 4 25 3962
1 75 4472
0 78 47 3953
0 100 83 3630
0 24 91 1714
0 12 72 914
1 48 2650
1 76 1680
0 73 14 1494
1 48 4827
0 84 74 2715
0 25 90 2290
0 42 98 3439
0 38 95 2697
1 48 3978
1 87 308
1 46 4824
1 13 1279
1 47 3344
0 42 97 2892
1 21 3202
1 1 176
1 97 2626
1 43 4107
0 70 28 2053
1 41 2568
1 66 3468
0 38 86 3079
0 72 69 2088
0 11 66 4619
0 54 72 2453
1 28 4080
0 36 87 2012
1 26 234
0 56 70 3776
1 5 2585
0 55 76 2705
0 39 51 3755
1 30 678
0 76 38 415
0 98 7 1495
0 43 79 925
0 99 33 2998
1 90 3150
0 86 61 4907
1 87 2008
1 66 992
1 17 3663
0 85 11 4036
1 42 1978
1 42 1808
0 81 33 1507
1 14 1559
1 88 3291
1 71 4802
1 46 3555
0 44 86 935
1 5 4726
1 49 1957
0 12 74 372
1 4 3271
0 13 46 606
0 61 70 4668
0 5 80 1679
1 65 4852
1 60 1188
1 68 351
1 78 1215
0 76 96 1233
1 87 4316
1 6 2486
0 35 52 3233
1 98 1647
1 33 3206
1 99 366
1 12 867
1 54 3218
1 97 673
1 77 562
1 6 3745
1 13 3393
1 49 2891
0 89 67 1008
0 5 39 2312
1 67 2024
0 74 5 2819
0 58 7 2505
1 73 886
0 77 66 3218
1 49 3763
0 90 29 3876
0 66 17 1038
1 19 2408
0 95 37 2074
1 76 3807
1 49 4017
1 20 4979
0 18 99 3130
0 3 77 223
0 52 97 2713
0 98 66 3017
1 32 4927
0 26 97 4055
1 13 1385
1 24 2184
0 100 98 2023
1 21 3005
0 6 3 4075
1 89 3134
1 29 1281
1 72 577
1 83 107
0 87 25 1668
0 95 3 3431
0 10 90 4724
0 70 86 936
1 65 2867
1 4 4216
0 42 79 392
1 4 2330
1 53 2328
1 52 3754
0 79 67 4230
0 74 9 2221
0 88 94 2816
1 80 1596
1 63 600
1 66 2450
0 15 67 226
0 48 24 641
1 82 3240
0 71 54 2479
0 16 87 413
0 6 95 3542
0 63 43 3602
1 45 787
1 15 710
0 70 29 1977
0 4 94 2268
0 95 65 1963
0 59 89 1888
0 76 12 1795
0 85 53 672
1 34 4363
0 86 64 3538
1 8 4353
0 40 80 1322
1 98 901
0 42 91 419
1 9 4238
1 43 4955
1 31 1966
0 15 25 3709
1 1 742
0 82 64 522
1 70 982
1 6 282
0 58 72 1839
1 26 1847
1 45 4454
0 91 35 2379
1 97 1443
0 19 20 984
1 97 774
0 15 45 3046
0 67 63 2109
1 66 3420
1 45 3231
1 52 4990
1 82 3108
1 5 3330
0 13 76 4348
1 49 4229
0 38 45 1281
1 51 477
1 20 1313
0 31 14 3407
0 98 39 3286
0 77 10 1250
0 36 92 1489
1 31 1223
0 29 24 3187
0 72 91 774
1 86 2981
1 55 199
0 60 16 1543
0 49 35 4539
0 58 27 4742
0 11 93 2853
0 22 46 934
0 18 94 4980
0 27 57 4557
1 85 1858
1 39 3649
1 50 575
0 55 15 1413
0 60 40 3553
1 80 3963
1 95 456
0 74 20 1316
1 49 1037
0 80 36 1670
1 84 826
1 97 3134
1 94 2412
1 11 1678
1 48 4838
1 91 3155
1 43 2415
1 61 4931
0 28 100 510
0 69 98 2226
1 97 4056
0 66 7 2996
0 61 37 1869
0 40 74 3253
0 51 7 3478
0 11 29 4102
0 18 51 100
0 35 36 3518
0 81 69 4127
0 31 82 3297
0 28 5 1014
1 77 1537
0 76 99 1285
1 70 2159
0 60 69 2421
1 67 523
1 69 432
1 8 4664
1 70 3050
0 69 84 708
1 67 2047
0 75 28 3311
0 21 40 4615
0 28 73 4413
1 29 3542
1 56 809
1 52 1948
1 5 238
1 54 2454
0 80 91 1670
0 36 15 3257
0 33 97 1413
1 96 904
0 64 47 1060
1 9 4977
0 39 56 2074
0 100 36 4954
1 100 2509
1 50 3229
0 42 62 3440
1 88 3999
1 39 2083
1 1 1659
1 71 1231
0 20 29 913
0 67 83 1105
1 66 1634
1 80 2877
1 10 2968
1 66 1031
0 22 29 4239
1 30 380
1 28 2492
1 25 2694
1 35 1758
0 17 62 4171
1 35 4240
1 76 2090
0 23 6 4148
0 10 21 1612
0 67 98 2017
1 18 2573
0 81 33 2837
1 44 3467
0 48 57 1820
1 79 4632
0 32 63 457
1 83 3918
0 10 28 2651
1 53 2347
1 20 4729
1 63 273
1 51 626
1 44 2389
1 3 2582
0 83 92 4688
1 94 426
1 27 1198
0 88 93 550
1 16 3052
1 48 4733
0 93 8 1841
0 86 29 950
0 85 8 701
1 35 3790
0 87 17 2220
0 18 89 3353
0 76 30 3440
1 93 3189
1 44 3186
0 85 63 4616
0 63 37 814
0 67 73 419
1 78 1736
1 41 4463
1 80 2443
0 45 40 1905
1 33 3572
1 53 4407
1 85 2295
0 8 93 4851
1 19 2410
0 76 74 864
0 12 36 2423
1 73 2118
0 14 23 3556
0 97 86 778
1 30 3322
1 96 4249
0 66 81 338
0 11 65 1747
0 7 94 3265
1 38 2317
0 35 45 3373
0 98 42 4451
0 37 76 1222
1 4 2159
0 87 13 2286
1 7 1625
0 45 73 472
0 40 80 1551
0 38 41 3951
1 92 977
0 3 98 977
1 69 39
0 7 28 1095
0 59 77 1704
0 69 15 4534
1 96 4261
1 82 756
1 89 4941
0 33 5 4027
0 68 79 2953
0 57 74 3999
1 31 4671
0 19 93 3071
1 65 2698
1 99 4130
0 94 92 3656
1 28 3295
1 38 4018
1 45 1019
1 54 3975
1 11 1245
0 68 4 4171
0 28 11 2472
0 6 86 1520
0 25 28 4632
1 94 604
0 82 19 2173
0 35 82 747
1 5 222
0 14 65 3051
1 51 2605
1 92 2916
0 13 54 657
1 85 4743
1 75 411
1 84 672
0 59 35 1563
0 8 54 4265
0 28 16 3401
1 38 2859
1 27 2096
0 43 63 1356
0 71 17 466
1 22 2619
0 38 14 2783
1 77 4969
1 20 4581
0 64 85 859
1 31 997
1 2 730
0 58 10 4622
0 55 21 3857
1 59 221
1 17 2593
0 93 21 3125
0 33 93 4216
0 8 39 3525
1 16 4028
1 9 239
0 14 96 172
0 34 92 4645
1 80 504
1 24 2933
1 15 3947
0 41 89 1085
1 15 2625
1 80 1488
1 23 1290
0 39 71 2821
1 19 3257
0 48 28 429
0 85 63 575
1 85 2274
1 49 3568
1 30 864
0 65 15 3103
0 57 99 2601
1 33 1209
1 25 417
1 66 4064
0 54 89 4749
1 38 1027
1 16 148
1 33 3496
0 35 62 4629
0 44 41 2814
1 50 1238
0 28 61 4547
1 70 4629
0 74 89 4529
1 58 1667
1 94 397
1 83 2861
1 29 2457
0 69 32 4799
0 99 22 380
1 74 2372
1 54 4299
1 45 490
1 68 1416
0 97 8 195
0 86 3 2958
1 3 985
1 63 2375
0 31 99 4011
1 73 1167
1 59 925
1 28 1261
1 25 851
1 78 426
1 87 3334
1 31 4610
0 25 54 851
0 68 85 95
1 27 3295
1 61 150
0 35 50 3484
0 9 26 1761
1 54 3823
1 11 2437
0 37 32 4039
0 59 13 2156
0 51 75 3867
0 48 73 3888
0 81 14 2843
1 44 1168
1 76 1003
0 47 99 2962
0 69 43 4251
0 33 80 4951
1 35 1396
0 92 80 1307
0 57 17 442
0 79 92 626
0 60 73 4071
1 41 761
1 20 818
0 33 11 486
0 3 78 4416
1 66 785
1 49 1203
0 64 9 2639
1 27 1874
0 80 52 1298
0 92 88 2731
1 73 1521
1 23 628
0 17 8 1322
1 41 2912
1 1 4171
0 68 74 1659
1 2 165
0 89 97 4246
0 29 42 3545
0 60 91 4729
1 52 3743
1 96 818
1 46 3916
0 4 22 3431
0 95 56 382
0 2 39 3959
0 43 21 3163
0 30 70 3483
1 77 1837
0 40 33 1125
0 76 81 1463
0 29 92 3095
0 25 79 1048
0 84 26 3947
0 63 4 3853
1 14 37
0 60 54 3042
1 71 3978
0 12 1 2084
0 30 18 3852
0 76 6 2966
0 53 51 3508
0 53 42 1124
0 17 72 2867
1 45 3262
1 8 4575
1 21 3566
0 91 85 1132
1 66 775
0 27 48 3653
1 21 688
1 53 2551
1 36 4509
0 39 53 646
1 81 26
1 22 4306
1 98 2473
1 36 3890
0 16 9 4249
1 63 1887
1 58 4620
0 1 47 2983
1 97 4073
1 53 1073
1 9 1472
0 30 51 4790
1 61 4970
0 99 58 4851
1 55 706
1 71 2167
1 22 570
0 11 2 3658
0 2 42 3
1 30 4073
1 100 570
1 86 85
1 14 3679
0 96 8 373
0 99 18 1531
0 88 64 4005
1 7 2693
1 68 4574
1 33 4575
0 55 18 440
1 76 583
1 62 3584
1 88 4609
1 50 2935
1 15 4003
1 64 1354
1 95 1137
0 96 95 1100
1 4 2352
0 35 12 2959
1 1 3189
0 48 32 4255
0 91 33 1972
0 25 92 3954
0 27 58 534
0 97 36 3387
0 50 18 4760
0 72 30 1327
1 66 4486
0 9 60 2251
0 23 94 2645
1 50 4373
1 43 4004
1 24 2186
0 91 53 3063
1 30 842
0 89 32 1994
0 11 23 304
1 43 2447
0 23 41 196
1 36 1546
1 84 490
1 26 4927
0 12 28 1308
0 44 38 3898
1 100 1392
0 80 94 4041
0 55 76 2322
0 97 91 2495
0 73 60 1848
0 99 85 3616
0 26 33 4382
1 60 1049
1 61 4747
1 55 3150
0 39 63 3615
1 47 2881
1 22 2317
1 56 4318
1 90 3983
1 10 1460
1 28 1753
1 54 432
1 26 2692
0 55 1 2307
1 53 2403
0 12 74 1219
1 95 2107
1 75 1175
0 87 37 876
1 54 3765
1 38 4466
1 47 239
0 55 25 3685
0 14 10 413
0 73 65 2279
1 61 2010
1 35 2684
0 55 13 3318
0 27 56 4893
0 14 3 476
0 57 14 1618
0 99 94 4036
0 26 30 952
0 45 63 311
0 82 10 2760
0 23 30 3148
0 38 4 1281
1 29 267
0 32 8 3266
0 27 13 597
0 24 17 913
1 18 1182
0 69 20 4376
0 81 100 1862
1 66 2392
0 4 31 369
1 71 3686
0 5 7 70
1 93 154
1 4 708
0 17 29 1368
1 33 2552
0 93 70 2554
1 44 860
1 79 348
0 95 22 3065
0 20 5 1513
1 15 1288
0 93 20 2580
0 74 60 2020
0 87 8 2294
1 43 939
1 70 92
1 33 3495
0 90 52 953
1 99 1233
0 94 53 4270
0 81 39 1835
0 24 85 3079
1 19 4837
1 27 1991
0 41 3 4980
0 80 93 2221
0 51 33 4758
0 77 5 1204
1 3 380
0 80 41 3810
1 43 2796
1 84 2491
0 12 75 3406
1 49 1441
0 100 99 3210
1 31 2885
1 70 2995
1 78 4752
1 79 2616
0 66 76 3955
1 93 3738
1 12 949
0 6 21 947
0 49 89 3941
0 35 20 1698
0 70 75 2597
1 92 3435
0 27 83 1953
0 88 87 2361
0 2 89 3573
1 44 1373
1 5 4971
1 21 2719
1 73 4001
0 35 96 619
0 26 58 3707
0 48 50 4828
1 10 3683
0 59 45 4027
0 66 94 1541
1 14 3894
0 5 42 12
1 39 4873
1 15 277
1 57 3425
0 46 45 1120
0 7 30 3375
1 83 227
0 24 84 679
0 65 56 609
1 71 1470
1 46 4482
0 7 40 2175
1 6 1488
1 69 4726
1 77 1927
0 56 95 3249
0 15 54 2889
1 76 4129
1 67 4722
1 50 4360
1 99 3095
0 36 89 2854
0 56 98 663
1 53 4330
1 81 4745
1 61 3310
0 39 81 3409
0 44 17 132
0 91 48 704
1 89 2471
0 67 70 777
1 41 1178
0 30 14 1742
0 55 46 4248
0 33 65 1101
0 12 79 2673
0 78 19 2225
0 7 69 1718
1 76 405
0 92 83 4815
0 85 100 3707
0 38 53 1155
0 42 12 1121
1 58 1658
1 96 4726
1 20 67
0 90 26 3630
1 63 1749
1 83 1022
0 48 43 822
0 14 74 3260
1 52 3197
1 48 4112
1 21 691
0 69 62 3213
1 93 2664
0 28 29 4128
1 19 580
0 78 28 2099
0 3 89 1889
0 15 13 1009
1 16 363
1 83 389
1 65 3069
1 65 43
0 30 100 1822
0 96 97 3870
0 77 51 2747
1 12 4970
1 61 335
1 87 228
0 69 51 4726
1 82 228
0 18 50 3802
0 48 98 3859
0 60 43 2612
1 17 381
1 91 2459
1 24 1783
1 15 4841
1 29 984
1 53 3128
1 36 3114
1 27 1991
0 80 56 28
0 39 67 2380
0 48 19 175
0 27 4 3335
0 76 53 3265
0 81 74 4273
0 8 82 328
0 81 45 2564
0 60 53 4136
1 65 3438
1 47 3266
1 11 3868
0 83 31 4684
0 14 6 1863
0 22 73 629
0 100 68 2624
1 23 4203
0 9 56 1735
1 87 3158
0 89 99 2984
1 96 1446
1 9 4310
0 35 25 4188
1 42 4575
1 47 1339
1 10 4950
1 83 4798
0 68 41 2116
1 47 31
0 82 3 1011
0 65 1 1957
1 30 4814
1 52 3026
1 83 2144
1 1 1637
1 100 3307
1 58 1947
1 43 431
0 52 43 912
0 77 6 1102
1 75 2266
1 9 2738
1 86 2937
0 14 98 2872
1 74 3058
0 71 70 1853
0 38 89 996
1 69 4870
1 56 1454
1 63 3892
1 16 2132
1 35 1858
1 69 276
0 90 50 2593
1 68 2648
1 67 147
0 80 98 3438
1 55 4096
1 97 3275
1 35 3051
0 81 90 460
0 32 43 3862
0 34 87 1151
0 62 72 4301
1 20 3117
1 21 3494
1 79 3544
0 36 5 4001
1 36 4808
1 70 819
1 16 2246
0 68 53 3373
0 95 85 3148
0 7 81 3021
1 41 4760
0 33 93 4757
1 70 638
0 5 29 4639
1 65 563
1 45 2913
1 26 3122
1 74 3750
0 99 77 443
1 1 3563
0 12 47 1386
1 65 4659
0 65 93 1884
0 26 56 1036
1 36 2596
1 51 1570
1 24 2113
1 76 1925
1 79 710
1 83 1491
1 3 198
1 48 2406
0 59 88 191
1 72 3622
0 47 97 2764
0 88 70 2341
1 69 407
1 99 2498
0 69 59 4155
1 90 2181
1 75 1071
1 61 4342
1 45 3584
0 22 91 4642
1 21 2651
1 24 4294
0 77 94 4519
0 87 54 703
0 60 12 4401
1 3 1427
1 21 72
0 71 15 3126
1 18 3688
0 95 44 2052
1 67 527
0 36 84 678
1 17 1898
0 65 23 4303
1 26 3285
0 98 65 3201
1 10 3560
0 70 28 3074
1 60 1253
0 10 60 84
0 22 76 3712
0 40 54 24
1 24 2781
1 22 3161
1 14 640
0 88 63 3609
1 1 4413
1 10 4392
0 85 32 2076
1 30 117
1 29 2009
0 79 65 686
0 71 38 1427
1 27 1202
0 19 68 843
0 64 21 1778
1 5 2611
0 86 91 323
0 21 45 4834
1 35 3027
0 5 16 1650
0 60 83 3835
0 10 80 1095
1 76 1699
0 62 15 3621
0 24 93 522
1 58 204
1 83 933
1 58 1690
0 14 11 4830
0 16 100 2164
